// 1536-d vector
const embedding = [
  -0.04381712, 0.011674616, 0.037145913, -0.01723612, -0.014445633, -0.027152078, -0.033485834, 0.055498227,
  0.019987669, 0.03166877, 0.04145494, -0.051111322, -0.0013125018, -0.0094487155, 0.033459876, 0.06510269,
  -0.0307862, -0.015445016, -0.0010480547, 0.037665073, 0.051993895, -0.0073266486, 0.014406696, 0.012193776,
  0.057003792, -0.007333138, 0.0061812513, 0.015457995, 0.04111749, -0.055653974, -0.00665174, -0.018754663,
  -0.016600147, 0.003965086, 0.0035919396, 0.029981501, 0.00068991526, 0.0007466984, 0.0056685805, 0.0043252534,
  -0.029644048, -0.036471006, 0.03589993, 0.04760699, -0.018936368, 0.026944414, -0.0341867, 0.026996331,
  0.035173103, 0.06536227, -0.045712058, -0.028034652, 0.004305785, 0.016548231, -0.06328563, -0.032343682,
  -0.0069632363, 0.04708783, -0.0021366687, 0.027930818, 0.0064797685, -0.029488299, 0.039404258, 0.013874557,
  -0.04280476, 0.008034004, -0.029981501, -0.018819558, -0.03364158, -0.015990134, 0.043479666, 0.057367202,
  0.008137836, 0.0062656146, -0.030448746, 0.006028748, 0.017417826, 0.021700896, -0.011992601, 0.01395243,
  -0.01408222, 0.029670006, -0.028475937, -0.009215093, -0.020779388, -0.021830687, -0.015834386, -0.01994873,
  -0.016626105, -0.024205845, -0.00015808022, -0.016574189, -0.038469773, 0.032110058, 0.027463574, -0.0224407,
  0.0012038028, 0.02857977, 0.012167817, 0.027930818, 0.028086567, -0.038028486, -0.025373954, 0.031071737,
  0.0043252534, -0.0021220674, 0.039689798, 0.0059735873, 0.04345371, -0.014783087, -0.1445342, -0.001166488,
  -0.008124857, -0.006684188, -0.003718485, -0.03226581, 0.058561273, -0.107985325, -0.0011405301, -0.05949576,
  -0.0042149317, 0.00039869882, -0.0007718452, -0.044154577, -0.016522273, -0.055134814, -0.01827444, -0.019702129,
  -0.056588463, -0.03117557, 0.015094583, -0.030059377, 0.07200752, 0.00044453092, -0.006508971, 0.001334404,
  -0.039456174, -0.013446249, -0.058561273, 0.022946881, 0.0033777861, -0.024815857, 0.001735942, -0.013498166,
  -0.011174924, -0.0053862873, -0.03924851, 0.016859727, -0.008812744, -0.012602614, -0.007385054, -0.010610336,
  -0.032914758, -0.0048865955, -0.016366525, 0.0101236245, -0.0031084716, 0.004026736, -0.039300427, -0.018508062,
  -0.007722508, -0.044543944, -0.020792367, -0.048100192, 0.034913525, -0.057886362, -0.018962327, 0.022687301,
  -0.0628703, -0.017820174, 0.004124079, -0.03522502, -0.031590898, 0.062454972, 0.029332552, 0.0020117457,
  0.090853035, -0.0011713553, -0.024737984, -0.007333138, -0.028813392, 0.042726886, -0.0003794331, 0.0022129205,
  -0.052097727, -0.059391927, 0.040260874, 0.0020441932, -0.05072195, 0.0032252828, 0.02124663, 0.016574189,
  0.03706804, -0.0055160774, 0.006466789, -0.025893115, 0.0120899435, -0.030760242, -0.01759953, -0.024361592,
  -0.0077419765, -0.03483565, -0.008079431, 0.028008694, 0.03924851, -0.014523507, -0.028268274, 0.005662091,
  -0.013718808, -0.05051429, 0.078808516, 0.03457607, -0.002375158, 0.0053408607, -0.019624256, -0.038314022,
  0.00874136, -0.0004737337, -0.00273857, -0.0044161063, -0.05009896, 0.000786041, 0.019624256, -0.001982543,
  0.0030581781, 0.016626105, 0.015626723, 0.008644017, 0.019637235, -0.07756253, 0.028398063, -0.012076965,
  -0.0187936, -0.0034881076, -0.0017505434, 0.019131053, 0.07943151, 0.034368407, -0.024854794, -0.049605757,
  0.0071773897, 0.018066775, 0.0048022317, 0.02686654, -0.01865083, -0.034264572, -0.030578537, -0.02764528,
  0.02192154, -0.008124857, 0.030604495, -0.005739965, -0.041299194, -0.03976767, 0.024205845, 0.005882734,
  0.024231803, 0.02764528, 0.033148378, -0.024076054, 0.0049385116, -0.004409617, 0.02258347, 0.005065057,
  0.021350464, 0.01852104, -0.019818941, 0.024050096, 0.016911644, -0.013991368, -0.015964177, 0.0022177876,
  0.025010543, 0.008994451, -0.045893762, 0.005480385, -0.007346117, 0.031876437, 0.0037249746, -0.02660696,
  -0.050410457, 0.05830169, -0.010921833, -0.035562474, -0.040883865, 0.022726238, 0.019676171, 0.0054090004,
  0.004513449, 0.038937014, -0.008442842, -0.05279859, 0.023245398, -0.02857977, 0.026632918, 0.018936368,
  0.029228719, -0.031487066, 0.049008723, -0.010720658, 0.003961841, -0.018417208, 0.023920307, -0.010759595,
  0.0058665103, 0.004526428, 0.019611277, 0.015600764, 0.023466041, -0.037093997, -0.037639115, 0.0422856,
  0.012894642, -0.005045588, -0.056796126, -0.03486161, 0.0045166938, 0.031902395, -0.0009385443, -0.039170638,
  -0.018170606, 0.020247249, 0.007294201, -0.005921671, -0.0547714, -0.020636618, 0.009572016, -0.0067750406,
  0.027982736, 0.0055485247, 0.016327588, -0.039430216, 0.008261137, 0.013744767, 0.027956776, 0.008066452,
  -0.0372757, 0.033096462, -0.00010144918, 0.00087608286, -0.069775134, -0.08602484, -0.038132317, 0.025166292,
  0.04830786, 0.023453062, -0.008734871, 0.027878903, 0.030941948, 0.015250331, 0.01043512, -0.018962327,
  -0.017521657, 0.079639174, -0.008942534, -0.053836912, 0.045426518, -0.039508093, -0.0576787, 0.021376422,
  -0.036081634, -0.016976539, -0.032006226, 0.02974788, 0.026009927, 0.08218306, -0.0393783, -0.0071968585,
  -0.0375872, -0.01826146, 0.002746682, -0.02072747, 0.038807224, 0.005152665, -0.004578344, -0.028709559,
  -0.022869008, 0.049813423, 0.0045491415, 0.016327588, 0.06951555, 0.015276289, 0.027255911, -0.0074434592,
  0.007216327, 0.0006935656, 0.008163794, -0.0027710176, -0.023764558, -0.015704596, 0.013446249, -0.0028602483,
  0.028865308, -0.006096888, 0.04553035, -0.0139264725, 0.015587785, 0.023556894, -0.009078814, -0.026918456,
  0.013407312, 0.013861577, -0.04031279, 0.022687301, -0.02046789, 0.0010918588, -0.004928777, -0.015834386,
  0.000058152025, -0.013589018, -0.017664425, -0.074862905, 0.0349914, 0.036990166, -0.012680488, -0.049475968,
  0.03166877, -0.0029851713, 0.050929617, -0.025983969, -0.026074821, -0.008332522, -0.031071737, -0.051448777,
  -0.0041792397, -0.004296051, -0.0039326386, 0.023829453, 0.012323566, 0.002198319, -0.049242344, -0.0027531714,
  -0.012187286, 0.028501896, -0.028216356, -0.012427397, 0.043739248, 0.0054511824, 0.008819234, 0.017547615,
  0.0021934519, -0.008274116, -0.039871503, 0.032525387, -0.031720687, -0.052642845, 0.025737368, 0.0018511306,
  -0.022414742, -0.025529703, 0.00887764, 0.009682338, 0.009825107, 0.025516724, -0.027671238, 0.010292351,
  -0.036964208, -0.0075343125, 0.012940068, 0.01853402, 0.030292997, 0.015341184, -0.052201558, 0.032161973,
  0.037742946, -0.06510269, 0.007631655, 0.011733021, -0.0067101456, 0.016418442, 0.013809661, 0.047555074,
  0.0005621532, 0.039066806, -0.051630482, -0.0073396275, -0.047944445, 0.0075083543, -0.076368466, -0.010779064,
  0.0075992076, -0.04786657, -0.020117458, 0.027437616, 0.018326355, 0.019221907, 0.01682079, 0.020662576,
  0.010500015, 0.000997761, 0.04096174, 0.049735546, 0.018222524, -0.013128264, 0.009747233, -0.012245691,
  -0.007385054, 0.0018722215, -0.0187936, -0.035692263, -0.07735487, -0.014705213, -0.04514098, 0.03447224,
  0.005318147, 0.009150199, 0.01630163, 0.021441316, -0.020545766, 0.012323566, 0.021090884, -0.011194392,
  -0.03065641, -0.011927706, 0.005220805, -0.021843666, -0.0076251654, 0.04475161, -0.019883836, -0.0017002496,
  -0.041948143, 0.031253446, -0.017145265, -0.036704626, -0.026762709, -0.034757774, -0.015198415, -0.034757774,
  0.0060611954, -0.037742946, -0.019935751, -0.0076251654, 0.004328498, -0.025555661, -0.015237352, -0.025802262,
  0.0131801795, -0.015172457, -0.011233329, -0.0011121385, 0.02754145, 0.016950581, -0.011700573, 0.003299912,
  -0.02764528, -0.010889385, 0.0048898403, -0.01252474, -0.021013008, -0.0035043315, 0.0061909854, -0.052642845,
  0.03226581, -0.013601997, 0.016275672, 0.04371329, -0.010279372, -0.0071773897, 0.0062656146, -0.010026282,
  0.01408222, -0.019857878, 0.0070995158, 0.010097666, 0.021493232, 0.020896198, -0.007255264, -0.043168172,
  -0.0126350615, -0.008423374, -0.0070021735, -0.012284628, 0.0023816475, -0.025724389, 0.030111292, -0.026217591,
  -0.028787434, -0.017664425, 0.009215093, -0.009189135, -0.016171841, -0.0035692265, 0.0014771731, 0.031253446,
  -0.013258054, -0.0024595214, 0.025399912, 0.030578537, 0.030163208, 0.051578566, 0.004331743, 0.015678639,
  -0.0077744243, 0.02206431, 0.038651478, -0.027437616, -0.0380804, -0.012745383, -0.0422856, -0.010402673,
  0.018611893, -0.01083098, 0.008111878, 0.0106947, -0.012343034, 0.0006270482, -0.016652064, 0.0032918002,
  -0.030812157, -0.027697196, 0.016768875, 0.044829484, 0.015250331, -0.03561439, 0.04581589, -0.0031425415,
  -0.01070119, 0.004786008, -0.012583146, -0.0009791037, 0.009584995, -0.004685421, 0.0009888379, 0.04654271,
  0.0014179563, -0.014549465, 0.03745741, 0.010240435, 0.019221907, -0.0075992076, 0.0068399357, 0.025464809,
  -0.002733703, 0.0118173845, -0.0035789607, -0.0503845, 0.00913722, 0.0016304875, -0.030604495, 0.0080145355,
  -0.02062364, 0.012336545, -0.0029997726, 0.00887115, 0.042207725, -0.0135241235, -0.004786008, 0.0474772,
  0.026529087, -0.008377948, -0.024348613, 0.018313376, 0.008942534, 0.01801486, 0.024024138, -0.023297314,
  0.00482819, -0.022869008, -0.035588432, -0.019507445, -0.021986434, -0.023686685, 0.009228073, -0.022946881,
  -0.004098121, -0.017145265, -0.019403612, 0.0052240496, -0.045037147, 0.01421201, -0.033070505, 0.05124111,
  0.05830169, -0.035536516, -0.0113436505, 0.004646484, 0.04475161, -0.012401439, 0.0030614228, -0.004124079,
  -0.018832536, -0.023167524, -0.03519906, 0.008728381, -0.01931276, 0.012699956, 0.00796262, 0.003510821,
  -0.025205228, 0.006340244, 0.015081604, -0.011382587, 0.018430186, -0.034783732, 0.01759953, 0.021220673,
  0.021207694, 0.019118074, 0.012764852, -0.08389629, 0.0069632363, -0.0071968585, 0.030941948, 0.015899282,
  -0.010389694, -0.016132904, -0.014938835, 0.0051980917, -0.006846425, 0.013965409, -0.0477887, -0.002777507,
  -0.03013725, 0.0063337544, -0.026412275, 0.019221907, 0.018728705, 0.0046367496, 0.035977803, -0.01252474,
  -0.016846748, 0.027074205, 0.0019403612, -0.023310293, -0.023959244, -0.032421555, -0.0025341508, -0.028449979,
  -0.013640935, -0.0014074108, 0.03833998, 0.027100163, -0.0177423, -0.00704111, 0.0047016446, 0.002889451,
  -0.029981501, 0.0024660109, -0.02414095, -0.034939483, 0.03104578, -0.047944445, 0.017768258, 0.031720687,
  -0.017015476, -0.0022956615, 0.009422758, 0.050124917, -0.03693825, 0.051708356, -0.0003589506, 0.011311203,
  -0.011324182, -0.010629805, -0.027255911, -0.026840582, -0.033953078, -0.008261137, -0.020013627, 0.033044547,
  0.0020636618, 0.021298548, 0.024439467, 0.000065959706, 0.0008136214, 0.015821407, 0.03966384, -0.0067231245,
  -0.00060352375, -0.011161945, 0.014588402, -0.012998474, -0.0045621204, 0.02660696, 0.057471033, 0.012725915,
  -0.016535252, 0.016807811, -0.0086310385, 0.014770108, 0.02790486, -0.018365292, -0.022401763, -0.049190428,
  -0.009974365, -0.0042181765, 0.005837308, -0.015704596, -0.026736751, -0.071176864, -0.018508062, -0.03382329,
  0.009403289, -0.02281709, -0.0051591545, -0.0033550728, -0.018871473, -0.025646513, -0.017975923, -0.014990751,
  0.0030614228, -0.008773807, 0.0031944576, 0.022739217, -0.0017343196, 0.022246014, -0.009591484, 0.026308443,
  -0.017988902, 0.018053796, -0.02842402, -0.017768258, -0.01343327, -0.027333785, -0.00048955187, -0.0005390343,
  0.022129204, -0.013063368, -0.0026006682, 0.029176803, 0.033096462, -0.033589665, -0.02728187, -0.015847364,
  0.030370872, -0.009747233, 0.012699956, 0.0011794671, -0.026788667, -0.020909177, -0.014276906, -0.016691001,
  0.019637235, -0.016171841, 0.017171225, 0.020117458, -0.038262106, -0.0075992076, 0.02754145, -0.024971606,
  0.047632948, 0.03535481, -0.037379533, 0.000024918676, 0.044855442, 0.018482104, -0.010779064, 0.016665043,
  0.0056426227, -0.022129204, 0.018105712, -0.021441316, 0.010006813, 0.02359583, 0.0033842756, 0.059963003,
  0.0055744825, 0.009610954, 0.010649274, -0.040676203, -0.016457379, -0.010928323, 0.03821019, -0.0007625166,
  -0.0015128653, -0.047632948, -0.0005142931, -0.0012970893, 0.056017388, 0.00063678244, -0.022907944, 0.022894965,
  -0.016729938, -0.016210778, 0.0071773897, -0.030033417, 0.012823257, 0.014315843, 0.018767642, -0.0054998533,
  0.0320841, -0.00796262, 0.0147441495, 0.001105649, 0.027697196, 0.01604205, 0.027100163, -0.0066906773,
  0.028086567, 0.004919043, 0.024348613, -0.00861157, 0.007106005, -0.040208958, -0.02556864, -0.00939031,
  -0.017677406, -0.007891235, 0.014692234, 0.017262077, -0.0027353254, 0.007151432, -0.00567507, 0.021934519,
  -0.023349231, -0.017794216, -0.04799636, -0.027749114, 0.017132286, -0.02790486, -0.00034252406, -0.04789253,
  0.022881987, 0.006551153, -0.003170122, -0.021739833, 0.004360946, 0.005522567, 0.045608222, 0.006012524,
  -0.01787209, 0.016535252, -0.0072617535, 0.00024173397, 0.011389077, 0.008008046, -0.022129204, 0.034134783,
  0.039975338, 0.02816444, 0.011700573, 0.02595801, 0.017028455, -0.025010543, 0.00026160807, 0.00012755928,
  -0.032317724, 0.028787434, -0.0014349913, -0.0008468801, -0.0066582295, 0.014731171, -0.037145913, 0.008858171,
  0.047399327, -0.023530936, 0.020896198, -0.0018073265, -0.0023394658, -0.02295986, -0.0025601087, -0.0014422919,
  -0.018598914, -0.011161945, 0.029981501, 0.0049904273, 0.0025552416, -0.026386317, -0.0072877114, -0.011940685,
  -0.024997564, 0.014224989, -0.046179302, -0.029332552, -0.0070281313, 0.02686654, -0.006336999, 0.01265453,
  0.021584086, 0.02388137, 0.023050712, 0.044959273, 0.011252797, 0.003536779, 0.019520424, -0.012894642,
  0.0033550728, 0.041558776, 0.0154190585, -0.028372105, 0.034783732, 0.023634769, 0.034602027, 0.01733995,
  -0.034004994, -0.011161945, -0.0064246077, -0.008663486, 0.0036730585, -0.02203835, -0.004854148, -0.037665073,
  -0.0140692415, -0.039352342, 0.028242316, 0.030708326, -0.064220116, 0.04290859, -0.027878903, 0.020182353,
  -0.037950613, -0.01043512, 0.011246308, -0.024504362, 0.024102012, 0.018546999, -0.0025503745, -0.019234886,
  0.015548849, -0.025932053, 0.000112450914, -0.026308443, -0.01656121, 0.008293584, -0.004146792, -0.0009555793,
  -0.001878711, 0.002268081, 0.004675687, -0.04238943, -0.0021188227, -0.035121188, -0.0013846976, -0.0072228163,
  -0.033459876, -0.0037217296, 0.03091599, -0.026191633, 0.04708783, -0.005360329, -0.016691001, 0.03496544,
  -0.032317724, 0.008793276, -0.01916999, -0.0030598005, -0.015860343, -0.041662607, 0.040260874, 0.017275056,
  0.015483953, 0.011337161, 0.001779746, 0.012401439, -0.029540217, -0.0038385408, 0.012855705, -0.006259125,
  0.012920599, 0.01108407, 0.015613743, -0.010000324, -0.041844312, 0.03013725, 0.018702747, -0.0016353546,
  0.0074304803, 0.0038417855, -0.022388784, 0.014354779, 0.00048427912, 0.0035692265, 0.025996948, -0.03278497,
  0.010220966, 0.07190369, 0.033719454, -0.0073266486, 0.006596579, -0.016171841, 0.016509295, 0.0036211424,
  0.023245398, -0.01983192, 0.036341213, -0.035536516, -0.0022518574, -0.018871473, 0.01994873, 0.027152078,
  0.0020863751, -0.017768258, -0.012174306, -0.0018365292, 0.0064895027, -0.009747233, 0.011836853, 0.01630163,
  0.02128557, -0.009734253, 0.011752489, -0.018209545, 0.009065835, -0.009052856, 0.038417853, 0.005175378,
  0.001040754, 0.05518673, 0.0116162095, 0.052149642, 0.020428954, 0.018949347, 0.018144649, 0.0005864888,
  -0.0148869185, -0.02961809, 0.02466011, -0.005830818, 0.019182969, 0.00085499196, -0.0074564386, 0.0017829909,
  0.006145559, -0.0029511014, -0.0021934519, -0.018157627, 0.0036308768, -0.006573866, -0.046776336, 0.00900094,
  -0.00070938375, -0.036107592, 0.020325122, -0.04654271, -0.005963853, 0.011992601, -0.0063110413, 0.024478404,
  -0.036081634, 0.0009920828, 0.024750963, -0.01775528, -0.009182646, -0.0003737548, -0.02020831, -0.01761251,
  0.00094341143, 0.0028440244, 0.008254647, -0.024608193, 0.0020425708, 0.0051591545, 0.03382329, -0.0019160256,
  -0.00076332776, -0.026840582, 0.0062656146, 0.08353288, -0.0032106815, -0.004163016, 0.033433918, 0.015483953,
  -0.007845809, -0.022752196, 0.025841199, -0.035173103, 0.014458612, -0.0068074884, -0.02660696, -0.029410426,
  0.008812744, 0.02192154, 0.016768875, -0.041143447, -0.03496544, -0.022336869, -0.04789253, -0.0053797974,
  0.014627338, 0.027203994, -0.006629027, -0.008987961, 0.002146403, -0.012596125, 0.012012069, 0.048152108,
  -0.0026542065, 0.0025406403, 0.008936045, 0.038937014, -0.030578537, -0.0146143595, -0.030059377, 0.006989194,
  0.005619909, 0.026503129, -0.0036957718, -0.038132317, -0.022505594, 0.03979363, -0.0073071797, 0.0081573045,
  -0.0118173845, -0.0028780943, 0.010551931, 0.018235503, -0.012823257, -0.017833153, 0.04394691, 0.018417208,
  -0.008845192, -0.02517927, -0.033615623, 0.0073266486, -0.004185729, -0.014302864, -0.0063077966, -0.004185729,
  0.03026704, 0.016392484, 0.03885914, 0.02205133, 0.031487066, -0.027074205, 0.022791132, 0.030630453,
  -0.0102534145, -0.015068625, -0.02022129, 0.0067620617, 0.023375189, 0.024452446, -0.005558259, 0.037872735,
  0.005921671, 0.0053149024, -0.042311557, -0.022635385, 0.007592718, 0.015899282, 0.000017440538, -0.020857261,
  -0.019676171, -0.01343327, -0.0026460947, 0.0037411982, -0.009695317, -0.021181736, 0.015509911, -0.0006444887,
  0.010454589, -0.016353546, 0.00019874102, -0.025919074, 0.026295464, 0.0049385116, 0.0064895027, 0.016652064,
  -0.032317724, -0.014108178, 0.011337161, -0.02205133, 0.0038125827, -0.016093966, -0.019416591, 0.0050293645,
  -0.02595801, 0.010272883, -0.018144649, 0.022894965, -0.024491383, -0.011590252, 0.030760242, 0.019520424,
  0.0004068107, -0.016716959, 0.012959537, -0.003718485, 0.019780004, 0.007540802, 0.008916576, 0.023660727,
  -0.0036990165, 0.03652292, -0.004059184, 0.025659492, 0.026295464, 0.0004867127, 0.012823257, -0.0028407797,
  0.02128557, 0.011174924, 0.0112138605, 0.0022405009, -0.020117458, -0.023647748, -0.021454295, -0.02477692,
  0.0027434372, 0.028294232, -0.018663809, 0.00052321615, -0.012823257, -0.013874557, 0.004656218, 0.04724358,
  0.032421555, -0.004471267, 0.0027191015, 0.008799765, 0.0014187675, 0.0063305097, 0.015899282, 0.02307667,
  0.02375158, -0.0250365, 0.00012309775, -0.027723154, 0.016600147, 0.014601381, 0.004091631, 0.024335634,
  -0.0069307885, -0.0022015637, 0.007904214, 0.036834415, 0.009065835, -0.011603231, 0.012842726, 0.004536162,
  -0.014017326, 0.020675555, 0.0023378434, -0.0053538396, 0.019650213, 0.012453356, 0.013705829, -0.0033745414,
  0.0035432684, -0.010512995, 0.013368376, 0.020662576, -0.00096774707, 0.00096044637, -0.01070119, -0.023050712,
  -0.012453356, 0.02440053, -0.010785554, -0.015107562, 0.04578993, -0.0054057557, 0.01630163, 0.018676788,
  -0.014731171, 0.02493267, -0.04041662, -0.005308413, -0.025114374, 0.007910703, 0.0035497579, 0.00045020925,
  -0.010097666, -0.00678153, -0.02048087, 0.017521657, -0.032343682, 0.012102922, 0.013666892, -0.015081604,
  -0.01356306, 0.013809661, -0.02218112, 0.011518867, 0.04345371, -0.035822053, -0.025075438, 0.006466789,
  -0.012356013, -0.03602972, -0.04083195, 0.009273499, 0.0073071797, 0.023530936, -0.042752843, -0.029332552,
  0.01382264, -0.009202114, 0.037535284, -0.0056556016, -0.038288064, 0.026710793, 0.04968363, 0.0032755765,
  0.031357277, -0.0081573045, -0.00027134232, -0.011155455, 0.022453679, -0.019468507, -0.00072074035, -0.044414155,
  0.01630163, 0.021454295, 0.021064926, -0.00704111, -0.010733637, -0.050021086, 0.008949024, -0.020415975,
  -0.00613258, -0.025919074, 0.0029981502, -0.0144715905, -0.012323566, 0.040494498, -0.024244782, 0.04057237,
  -0.005389532, 0.016418442, -0.02883935, 0.021168757, -0.02020831, 0.011298224, 0.0048476583, -0.018508062,
  -0.011045134, -0.024296697, -0.014653297, 0.040208958, -0.05059216, -0.027411658, 0.0062429016, 0.023271356,
  0.005308413, 0.008676465, 0.00743697, -0.027100163, 0.031538982, -0.011661636, 0.005662091, -0.015821407,
  -0.0064181183, -0.035692263, -0.02257049, -0.011207371, 0.013576039, -0.020714492, -0.00051632104, -0.0049093086,
  0.026100779, 0.068736814, 0.02935851, 0.0036827927, -0.03992342, 0.0059314054, -0.0131801795, 0.014289885,
  -0.039066806, 0.041792396, 0.011272266, 0.019702129, 0.055394392, 0.007216327, -0.013368376, -0.021532169,
  0.018767642, -0.016080987, 0.036886334, -0.008202732, -0.017469741, 0.0036568346, -0.005957363, 0.045089062,
  0.002164249, -0.026139716, -0.013342417, -0.0066063134, 0.02087024, 0.024348613, 0.013056879, 0.026204612,
  -0.035043314, 0.012206755, -0.006512216, 0.032577302, 0.015250331, 0.00913073, -0.014912877, 0.039222553,
  0.0042051976, 0.007385054, -0.035276935, -0.030318957, 0.012550698, 0.013640935, -0.014302864, -0.011765468,
  -0.0023183748, 0.00041735615, 0.035796095, 0.028034652, 0.020156395, 0.015198415, -0.013874557, 0.033563707,
  0.032161973, -0.022869008, 0.016080987, 0.0104675675, 0.011135986, 0.01004575, 0.01735293, 0.005389532,
  -0.0037217296, 0.00094990095, 0.054407988, 0.011661636, 0.005493364, 0.0004790064, 0.021051947, -0.0003329926,
  0.024205845, -0.05022875, -0.0028829614, 0.023907328, -0.009688827, 0.0023118854, -0.049475968, 0.04093578,
  -0.018585935, 0.02712612, -0.0058535314, -0.021532169, -0.0017683895, -0.017067391, -0.010058729, 0.013991368,
  0.02347902, 0.017197182, 0.017378887, -0.043116257, 0.012557187, 0.027956776, -0.0057107625, -0.03223985
];

// Optional export
module.exports = embedding;
// embedding.length === 1536
